
 & RM & HML & SMB & RMW & CMA & MOM & MYP & UI & DSV & ATS & STS & FX \\
RM & 1.00 & 0.27 & 0.40 & -0.21 & -0.11 & -0.40 & 0.89 & 0.17 & 0.53 & 0.41 & 0.07 & -0.47 \\
HML & 0.27 & 1.00 & 0.38 & -0.05 & 0.50 & -0.46 & 0.13 & 0.03 & 0.29 & 0.27 & 0.26 & -0.11 \\
SMB & 0.40 & 0.38 & 1.00 & -0.36 & 0.11 & -0.31 & 0.27 & 0.06 & 0.24 & 0.33 & 0.19 & -0.08 \\
RMW & -0.21 & -0.05 & -0.36 & 1.00 & 0.08 & 0.08 & -0.12 & -0.16 & -0.19 & -0.18 & -0.11 & 0.12 \\
CMA & -0.11 & 0.50 & 0.11 & 0.08 & 1.00 & -0.08 & -0.13 & -0.16 & 0.03 & -0.05 & 0.18 & 0.09 \\
MOM & -0.40 & -0.46 & -0.31 & 0.08 & -0.08 & 1.00 & -0.33 & -0.07 & -0.50 & -0.17 & -0.21 & 0.26 \\
MYP & 0.89 & 0.13 & 0.27 & -0.12 & -0.13 & -0.33 & 1.00 & 0.12 & 0.59 & 0.11 & -0.14 & -0.60 \\
UI & 0.17 & 0.03 & 0.06 & -0.16 & -0.16 & -0.07 & 0.12 & 1.00 & 0.09 & 0.30 & 0.17 & -0.22 \\
DSV & 0.53 & 0.29 & 0.24 & -0.19 & 0.03 & -0.50 & 0.59 & 0.09 & 1.00 & -0.12 & -0.10 & -0.46 \\
ATS & 0.41 & 0.27 & 0.33 & -0.18 & -0.05 & -0.17 & 0.11 & 0.30 & -0.12 & 1.00 & 0.29 & 0.02 \\
STS & 0.07 & 0.26 & 0.19 & -0.11 & 0.18 & -0.21 & -0.14 & 0.17 & -0.10 & 0.29 & 1.00 & 0.03 \\
FX & -0.47 & -0.11 & -0.08 & 0.12 & 0.09 & 0.26 & -0.60 & -0.22 & -0.46 & 0.02 & 0.03 & 1.00 \\

