
 & RM & HML & SMB & RMW & CMA & MOM & MYP & UI & DSV & ATS & STS & FX \\
RM & 1.00 & -0.19 & 0.26 & -0.24 & -0.36 & -0.15 & 0.83 & -0.04 & 0.55 & -0.06 & -0.01 & -0.17 \\
HML & -0.19 & 1.00 & -0.01 & 0.19 & 0.65 & -0.25 & -0.05 & 0.04 & -0.01 & 0.00 & 0.13 & -0.01 \\
SMB & 0.26 & -0.01 & 1.00 & -0.40 & -0.04 & -0.02 & 0.30 & -0.02 & 0.40 & 0.11 & 0.10 & 0.00 \\
RMW & -0.24 & 0.19 & -0.40 & 1.00 & 0.10 & 0.08 & -0.28 & -0.07 & -0.15 & -0.04 & -0.11 & 0.07 \\
CMA & -0.36 & 0.65 & -0.04 & 0.10 & 1.00 & -0.03 & -0.24 & -0.02 & -0.15 & 0.02 & 0.11 & 0.04 \\
MOM & -0.15 & -0.25 & -0.02 & 0.08 & -0.03 & 1.00 & -0.27 & -0.01 & -0.23 & -0.00 & -0.21 & 0.07 \\
MYP & 0.83 & -0.05 & 0.30 & -0.28 & -0.24 & -0.27 & 1.00 & 0.10 & 0.49 & 0.19 & 0.16 & -0.20 \\
UI & -0.04 & 0.04 & -0.02 & -0.07 & -0.02 & -0.01 & 0.10 & 1.00 & -0.07 & 0.14 & 0.07 & -0.06 \\
DSV & 0.55 & -0.01 & 0.40 & -0.15 & -0.15 & -0.23 & 0.49 & -0.07 & 1.00 & -0.03 & 0.01 & -0.12 \\
ATS & -0.06 & 0.00 & 0.11 & -0.04 & 0.02 & -0.00 & 0.19 & 0.14 & -0.03 & 1.00 & -0.31 & 0.21 \\
STS & -0.01 & 0.13 & 0.10 & -0.11 & 0.11 & -0.21 & 0.16 & 0.07 & 0.01 & -0.31 & 1.00 & -0.09 \\
FX & -0.17 & -0.01 & 0.00 & 0.07 & 0.04 & 0.07 & -0.20 & -0.06 & -0.12 & 0.21 & -0.09 & 1.00 \\

