
 & RM & HML & SMB & RMW & CMA & MOM & MYP & UI & DSV & ATS & STS & FX \\
RM & 1.00 & -0.41 & 0.21 & -0.26 & -0.45 & -0.01 & 0.60 & -0.16 & 0.57 & -0.15 & -0.04 & -0.06 \\
HML & -0.41 & 1.00 & -0.17 & 0.28 & 0.71 & -0.15 & -0.31 & 0.05 & -0.11 & -0.05 & 0.11 & 0.04 \\
SMB & 0.21 & -0.17 & 1.00 & -0.41 & -0.08 & 0.10 & 0.09 & -0.07 & 0.45 & 0.08 & 0.08 & 0.03 \\
RMW & -0.26 & 0.28 & -0.41 & 1.00 & 0.10 & 0.08 & -0.31 & -0.04 & -0.14 & -0.02 & -0.11 & 0.05 \\
CMA & -0.45 & 0.71 & -0.08 & 0.10 & 1.00 & -0.01 & -0.36 & 0.05 & -0.20 & 0.03 & 0.10 & 0.02 \\
MOM & -0.01 & -0.15 & 0.10 & 0.08 & -0.01 & 1.00 & -0.19 & 0.03 & -0.15 & 0.03 & -0.22 & 0.00 \\
MYP & 0.60 & -0.31 & 0.09 & -0.31 & -0.36 & -0.19 & 1.00 & -0.11 & 0.30 & -0.03 & 0.19 & 0.10 \\
UI & -0.16 & 0.05 & -0.07 & -0.04 & 0.05 & 0.03 & -0.11 & 1.00 & -0.13 & 0.13 & 0.03 & 0.01 \\
DSV & 0.57 & -0.11 & 0.45 & -0.14 & -0.20 & -0.15 & 0.30 & -0.13 & 1.00 & -0.02 & 0.04 & -0.03 \\
ATS & -0.15 & -0.05 & 0.08 & -0.02 & 0.03 & 0.03 & -0.03 & 0.13 & -0.02 & 1.00 & -0.37 & 0.25 \\
STS & -0.04 & 0.11 & 0.08 & -0.11 & 0.10 & -0.22 & 0.19 & 0.03 & 0.04 & -0.37 & 1.00 & -0.12 \\
FX & -0.06 & 0.04 & 0.03 & 0.05 & 0.02 & 0.00 & 0.10 & 0.01 & -0.03 & 0.25 & -0.12 & 1.00 \\

